heater_current_sweep_drop_transmission_slice(40,1)
 -3.131722634423e+01
 -3.093256472378e+01
 -3.053184482456e+01
 -3.011400541776e+01
 -2.967756337533e+01
 -2.922053816406e+01
 -2.874036495120e+01
 -2.823379024789e+01
 -2.769674143318e+01
 -2.712415736284e+01
 -2.650976061295e+01
 -2.584574101582e+01
 -2.512230175437e+01
 -2.432698705777e+01
 -2.344365170168e+01
 -2.245081981179e+01
 -2.131895193080e+01
 -2.000564310577e+01
 -1.844660539627e+01
 -1.653725080701e+01
 -1.409090130216e+01
 -1.073262521120e+01
 -5.670449921165e+00
 -9.167782328876e-01
 -6.484642623699e+00
 -1.122981395639e+01
 -1.440941150673e+01
 -1.674990121045e+01
 -1.859000149378e+01
 -2.010143297347e+01
 -2.138182290225e+01
 -2.249177187108e+01
 -2.347145529759e+01
 -2.434886666612e+01
 -2.514426287113e+01
 -2.587272564575e+01
 -2.654571988887e+01
 -2.717208626640e+01
 -2.775869943255e+01
 -2.831092095484e+01
