heater_current_sweep_thru_transmission_slice(40,1)
 -1.204102832878e-01
 -1.206992046890e-01
 -1.212017716114e-01
 -1.219375730284e-01
 -1.229226219686e-01
 -1.241698198004e-01
 -1.256900181919e-01
 -1.274938803893e-01
 -1.295948585677e-01
 -1.320138082072e-01
 -1.347861312592e-01
 -1.379730386095e-01
 -1.416798949818e-01
 -1.460874352731e-01
 -1.515077903077e-01
 -1.584915640827e-01
 -1.680482933557e-01
 -1.821432683386e-01
 -2.049523484031e-01
 -2.465481095163e-01
 -3.363044211542e-01
 -5.907560580203e-01
 -1.837852240733e+00
 -1.797691871849e+01
 -1.540484871119e+00
 -5.612217960713e-01
 -3.346117180877e-01
 -2.486298205443e-01
 -2.064887768036e-01
 -1.822601429611e-01
 -1.667019917226e-01
 -1.558749064820e-01
 -1.478826156594e-01
 -1.417293331922e-01
 -1.368568973210e-01
 -1.329356646494e-01
 -1.297616063503e-01
 -1.272020834018e-01
 -1.251656754266e-01
 -1.235846856147e-01
