heater_current_sweep_drop_transmission_slice(40,1)
 -3.910594693636e+01
 -3.902353293831e+01
 -3.876377139334e+01
 -3.842270338323e+01
 -3.809154721989e+01
 -3.777166363113e+01
 -3.736733659587e+01
 -3.675949338931e+01
 -3.591116782904e+01
 -3.488614065700e+01
 -3.375182079250e+01
 -3.247638721279e+01
 -3.089208559969e+01
 -2.871987282090e+01
 -2.556785105667e+01
 -2.053188566804e+01
 -8.240058780633e+00
 -1.555848131679e+01
 -2.313751495975e+01
 -2.711412610968e+01
 -2.968697518580e+01
 -3.152631366327e+01
 -3.300020019142e+01
 -3.429499817226e+01
 -3.543637232896e+01
 -3.635479512748e+01
 -3.700645776060e+01
 -3.745991957031e+01
 -3.784884208673e+01
 -3.825861040272e+01
 -3.866525164040e+01
 -3.896114431283e+01
 -3.905843894821e+01
 -3.898626562583e+01
 -3.886183609746e+01
 -3.877419161623e+01
 -3.870778930331e+01
 -3.855275803636e+01
 -3.819863705647e+01
 -3.764321577248e+01
