heater_current_sweep_thru_transmission_slice(40,1)
 -1.216775136893e-01
 -1.215391972235e-01
 -1.202046650708e-01
 -1.191470732995e-01
 -1.196229565331e-01
 -1.212821935944e-01
 -1.224345879357e-01
 -1.218093900301e-01
 -1.200518688987e-01
 -1.193130513662e-01
 -1.211402004846e-01
 -1.246896259427e-01
 -1.272582454621e-01
 -1.272971507598e-01
 -1.287708134258e-01
 -1.552699627943e-01
 -9.514185795839e-01
 -2.438754333642e-01
 -1.388367590579e-01
 -1.317365434128e-01
 -1.294934733039e-01
 -1.252787311563e-01
 -1.209652043737e-01
 -1.192415696109e-01
 -1.203858077004e-01
 -1.222677934307e-01
 -1.226106464815e-01
 -1.210937138978e-01
 -1.193553337879e-01
 -1.191200693059e-01
 -1.204416505106e-01
 -1.217681980336e-01
 -1.216372776667e-01
 -1.202035682162e-01
 -1.190354991926e-01
 -1.194282895128e-01
 -1.210067615847e-01
 -1.220869381939e-01
 -1.214612934951e-01
 -1.197669566475e-01
