laser_sweep_drop_slice(80,1)
 -3.062799753934e+01
 -2.882804760947e+01
 -2.884487513668e+01
 -3.044706334932e+01
 -3.054020633334e+01
 -2.848579482601e+01
 -2.770162253954e+01
 -2.884895468352e+01
 -2.998317405877e+01
 -2.826546092727e+01
 -2.674846227649e+01
 -2.718416304399e+01
 -2.875680239796e+01
 -2.799863557046e+01
 -2.596158740229e+01
 -2.558580585379e+01
 -2.696436332922e+01
 -2.739117272033e+01
 -2.527278821627e+01
 -2.408357292229e+01
 -2.485946682736e+01
 -2.610370499285e+01
 -2.453777951304e+01
 -2.263533289870e+01
 -2.260536225642e+01
 -2.398622719246e+01
 -2.347627680405e+01
 -2.112508504359e+01
 -2.020092667561e+01
 -2.112346087933e+01
 -2.162860913045e+01
 -1.930702938111e+01
 -1.745869144184e+01
 -1.752352229178e+01
 -1.840957706723e+01
 -1.662925046665e+01
 -1.384210770707e+01
 -1.267416068214e+01
 -1.294730237011e+01
 -1.160527357449e+01
 -7.580789502696e+00
 -4.177394361602e+00
 -2.185843975425e+00
 -1.527855762418e+00
 -2.146726920448e+00
 -4.096049550822e+00
 -7.458499459515e+00
 -1.150407030701e+01
 -1.295445862653e+01
 -1.266749880142e+01
 -1.377862940998e+01
 -1.653645216751e+01
 -1.840886961408e+01
 -1.755167768562e+01
 -1.743196259415e+01
 -1.922804620005e+01
 -2.159177763110e+01
 -2.116669272657e+01
 -2.020465629498e+01
 -2.106806623952e+01
 -2.340944481821e+01
 -2.402087858042e+01
 -2.263482701275e+01
 -2.260400129739e+01
 -2.446384752356e+01
 -2.610400725549e+01
 -2.490699549038e+01
 -2.407875240504e+01
 -2.521023144908e+01
 -2.734911983907e+01
 -2.701496220465e+01
 -2.560637211291e+01
 -2.591988950666e+01
 -2.793199397894e+01
 -2.878650208758e+01
 -2.722632329068e+01
 -2.673135453604e+01
 -2.819816079475e+01
 -2.997096375104e+01
 -2.890356978569e+01
