laser_sweep_thru_slice(80,1)
 3.916752493473e-02
 -1.955947817560e-03
 -4.946521915729e-02
 -2.077974069011e-02
 3.681559434426e-02
 2.427494494161e-02
 -4.065045167767e-02
 -4.767911183331e-02
 1.810995483646e-02
 4.474590407536e-02
 -1.666097022451e-02
 -6.500690871932e-02
 -1.465604321508e-02
 5.047351634699e-02
 1.688798964737e-02
 -6.469314792277e-02
 -5.443964363948e-02
 3.469521862093e-02
 4.987982815909e-02
 -4.267746791039e-02
 -9.045857752425e-02
 -5.503006230367e-03
 6.930691799876e-02
 -9.875165875462e-04
 -1.103864529042e-01
 -6.865847963610e-02
 6.047540466377e-02
 5.125143218850e-02
 -1.034847091055e-01
 -1.504622075990e-01
 5.055076185628e-03
 9.625170145364e-02
 -6.469927486802e-02
 -2.513950989663e-01
 -1.351045519851e-01
 9.419463148880e-02
 -7.710742618107e-03
 -4.227209427720e-01
 -5.444265323022e-01
 -1.749860257751e-01
 -1.938733275119e-01
 -1.680247096587e+00
 -6.094161685179e+00
 -1.570273840512e+01
 -6.306920545593e+00
 -1.760469361753e+00
 -2.121669762377e-01
 -1.640423239132e-01
 -5.381268512004e-01
 -4.343887044866e-01
 -1.764137869645e-02
 9.757972794677e-02
 -1.273478006731e-01
 -2.530498421056e-01
 -7.210719416824e-02
 9.503578265925e-02
 1.050874704333e-02
 -1.480698191722e-01
 -1.079324381840e-01
 4.783006659421e-02
 6.312986242267e-02
 -6.488784102826e-02
 -1.118983587077e-01
 -4.861070809997e-03
 6.944930665165e-02
 -2.004327472284e-03
 -8.963687419082e-02
 -4.574711010192e-02
 4.823345915668e-02
 3.696604680178e-02
 -5.224714613076e-02
 -6.626005998406e-02
 1.439809002784e-02
 5.116081116498e-02
 -1.212820358814e-02
 -6.495502947625e-02
 -1.905222001663e-02
 4.399668001457e-02
 2.011723265697e-02
 -4.637956792548e-02
