laser_sweep_heater_voltage_slice(80,1)
 4.502000000000e+00
 4.502025316456e+00
 4.502050632911e+00
 4.502075949367e+00
 4.502101265823e+00
 4.502126582278e+00
 4.502151898734e+00
 4.502177215190e+00
 4.502202531646e+00
 4.502227848101e+00
 4.502253164557e+00
 4.502278481013e+00
 4.502303797468e+00
 4.502329113924e+00
 4.502354430380e+00
 4.502379746835e+00
 4.502405063291e+00
 4.502430379747e+00
 4.502455696203e+00
 4.502481012658e+00
 4.502506329114e+00
 4.502531645570e+00
 4.502556962025e+00
 4.502582278481e+00
 4.502607594937e+00
 4.502632911392e+00
 4.502658227848e+00
 4.502683544304e+00
 4.502708860759e+00
 4.502734177215e+00
 4.502759493671e+00
 4.502784810127e+00
 4.502810126582e+00
 4.502835443038e+00
 4.502860759494e+00
 4.502886075949e+00
 4.502911392405e+00
 4.502936708861e+00
 4.502962025316e+00
 4.502987341772e+00
 4.503012658228e+00
 4.503037974684e+00
 4.503063291139e+00
 4.503088607595e+00
 4.503113924051e+00
 4.503139240506e+00
 4.503164556962e+00
 4.503189873418e+00
 4.503215189873e+00
 4.503240506329e+00
 4.503265822785e+00
 4.503291139241e+00
 4.503316455696e+00
 4.503341772152e+00
 4.503367088608e+00
 4.503392405063e+00
 4.503417721519e+00
 4.503443037975e+00
 4.503468354430e+00
 4.503493670886e+00
 4.503518987342e+00
 4.503544303797e+00
 4.503569620253e+00
 4.503594936709e+00
 4.503620253165e+00
 4.503645569620e+00
 4.503670886076e+00
 4.503696202532e+00
 4.503721518987e+00
 4.503746835443e+00
 4.503772151899e+00
 4.503797468354e+00
 4.503822784810e+00
 4.503848101266e+00
 4.503873417722e+00
 4.503898734177e+00
 4.503924050633e+00
 4.503949367089e+00
 4.503974683544e+00
 4.504000000000e+00
