0.0 2.561236269107575 0.0016198129794922197
1.0526315789473684 3.014801097633443 -5.6975273870435816e-08
2.1052631578947367 4.4589653873112285 -1.4848641739408653e-16
3.1578947368421053 6.8710248175254 -6.34771254729644e-17
4.2105263157894735 10.20123689464066 -9.426408053926271e-18
5.263157894736842 14.450719793806396 -1.0465995763262528e-18
6.315789473684211 19.604639499263897 3.758640083004372e-20
7.368421052631579 25.41153138007949 -1.165183266164482e-18
8.421052631578947 32.20707307804951 1.1971687402540509e-17
9.473684210526315 39.78336500072953 -1.8740066852597675e-18
10.526315789473683 48.25078918985115 -9.997382453783259e-17
11.578947368421051 57.73158910037216 6.335553904629453e-18
12.631578947368421 68.02650676551559 -6.119944806427514e-18
13.68421052631579 79.23243689910952 8.83475380655516e-18
14.736842105263158 91.30190872217821 -2.773182636083253e-18
15.789473684210526 104.28741213354039 1.5533004812056186e-16
16.842105263157894 118.14452231625027 3.660975531029803e-18
17.894736842105264 132.94684092811417 -3.9153140590013015e-19
18.94736842105263 148.6157083290069 -9.325257780984784e-19
20.0 165.16916195546074 -8.509245020318697e-19
