0.0 2.56547783216137 0.0015659891982264397
0.2 2.580927390716922 0.0012113788576805287
0.4 2.627751025075239 0.000527035275495779
0.6000000000000001 2.707401498940161 0.0001140277637196147
0.8 2.8216361635870326 1.1306936439605397e-05
1.0 2.971674586940506 -2.026166995630288e-07
1.2000000000000002 3.1582344110951226 4.952540524633516e-10
1.4000000000000001 3.3816261517784403 -2.6939212519295584e-11
1.6 3.641779694162037 -1.0601507518022302e-12
1.8 3.9383247272018505 -2.510449377355504e-14
2.0 4.270709988034021 -7.261046129743626e-16
2.2 4.6383160784944195 2.415662565448808e-17
2.4000000000000004 5.040541070453409 2.815415361309931e-17
2.6 5.476854820703296 2.8858704043124185e-17
2.8000000000000003 5.9468265453949805 1.351529452351267e-17
3.0 6.450132961545973 8.978920286432085e-17
3.2 6.9865538485413605 -2.977434949763819e-17
3.4000000000000004 7.5559602702957225 -6.975395567597644e-17
3.6 8.158299088072631 3.627740897743001e-18
3.8000000000000003 8.793576257186443 -3.91043165057235e-17
4.0 9.461840798393663 -3.524803609125511e-17
4.2 10.16317112775185 7.276353583926985e-18
4.4 10.897665450919495 -2.694243587766535e-17
4.6000000000000005 11.665438187611567 1.799508099524684e-17
4.800000000000001 12.466625408276736 -1.0918101624184453e-17
5.0 13.301405916857354 4.7582826212190324e-20
5.2 14.17005733081923 -3.815607986996517e-18
5.4 15.073114302548017 -5.006184750788405e-19
5.6000000000000005 16.011906643606892 3.1617142192247553e-19
5.800000000000001 16.990756251104358 5.633462003276751e-19
6.0 18.022279461672788 -1.2958090758696547e-19
6.2 18.988028284694536 -1.2080540740755336e-18
6.4 20.064569927685604 -5.849315385548898e-18
6.6000000000000005 21.17278761801821 1.6727305358608547e-16
6.800000000000001 22.269428162526854 -1.9682716273799833e-17
7.0 23.431901962477486 4.480723129216751e-16
7.2 24.53856547082871 -1.759601129917648e-17
7.4 25.632200596902756 1.5303829906161392e-18
7.6000000000000005 26.77651290787908 1.0095751651112844e-18
7.800000000000001 28.1274600771444 -2.1559056839538816e-17
8.0 29.514020225043136 7.61617416799106e-18
8.200000000000001 30.601507115579867 7.023420579614981e-19
8.4 32.05708176706769 -4.2176794475553394e-17
8.6 33.33242429552973 1.0360260243959468e-18
8.8 34.81086626970926 -5.664089727339618e-18
9.0 36.260661692609496 2.3723217323140516e-17
9.200000000000001 37.79818331834301 -6.20784255570056e-16
9.4 39.17726487949979 -9.913102581701774e-19
9.600000000000001 40.81773991565716 -6.303003641713777e-18
9.8 42.37480269286308 -4.39383983934097e-17
10.0 43.9493572781848 7.899322846498091e-17
10.200000000000001 45.50476590270554 -1.4040903159366257e-17
10.4 47.2313808440704 1.277293794160753e-17
10.600000000000001 48.915946042274854 1.4909793187291047e-17
10.8 50.60460339426141 -1.0028607588709876e-17
11.0 52.36902381829191 -1.3521518660406494e-19
11.200000000000001 54.22690074082688 8.590650394653535e-18
11.4 56.03242358753643 -1.5256422673034615e-18
11.600000000000001 57.88303003107982 -3.766751001422328e-19
11.8 59.82158015317038 1.2229558478910136e-17
12.0 61.69610135908527 1.5210433645774586e-18
12.200000000000001 63.664650660936545 -1.5751331164773918e-17
12.4 65.62283518337519 2.953477286198143e-18
12.600000000000001 67.6946012157281 -8.037184745691809e-17
12.8 69.75202270070379 3.735638343127248e-17
13.0 71.82322576668811 -8.941931005315314e-18
13.200000000000001 73.95210615955058 1.2045308112096408e-17
13.4 76.0979639147876 -4.891752723369073e-18
13.600000000000001 78.25015276449159 -2.7477025349594135e-19
13.8 80.46702193680802 2.783608198907791e-17
14.0 82.71021630935115 5.595882036808993e-17
14.200000000000001 85.01360041509399 1.9518844237218472e-17
14.4 87.29496497796363 -6.0880059094325824e-18
14.600000000000001 89.64859477459312 -2.8508310402911794e-20
14.8 92.01431191611418 -3.1085698510776074e-18
15.0 94.44448280817741 9.065100905630566e-18
15.200000000000001 96.8827253317317 7.806314055929943e-18
15.4 99.35130875485423 2.3081991269192743e-18
15.600000000000001 101.86602404537712 2.581114564395413e-17
15.8 104.42262888277125 8.0331969453954455e-19
16.0 106.95146351341151 -1.4992829177791523e-18
16.2 109.56825650207432 5.389102889509765e-19
16.400000000000002 112.1739699835104 -7.338499087217904e-18
16.6 114.88081305430674 -3.918492705812666e-18
16.8 117.57946314275398 2.538500772788055e-18
17.0 120.3031371073612 1.0811007717563252e-19
17.2 123.07251314163163 -6.843561006942559e-18
17.400000000000002 125.8827291768335 -2.718685075658582e-18
17.6 128.70995390666718 -7.735269232898342e-18
17.8 131.56496189190378 -6.768601929179726e-18
18.0 134.4630984040568 6.203102807273332e-18
18.2 137.38452939174476 2.3292431976624092e-18
18.400000000000002 140.33967516195023 5.531692011052407e-19
18.6 143.34212771822803 1.0963664610682817e-17
18.8 146.3371945941916 -9.539789967729936e-19
19.0 149.4099859014648 -1.3577890141318973e-18
19.200000000000003 152.5091674900794 2.0002006431735653e-17
19.400000000000002 155.6344690669729 -1.6797442896857804e-16
19.6 158.77474839458597 -5.3505234092566216e-18
19.8 161.97118818802434 -3.930038102100602e-15
