input_2/mode_1/gain_slice(1000,1)
 -3.527500468379e+01
 -3.529268821674e+01
 -3.530994057634e+01
 -3.532676330934e+01
 -3.534315791457e+01
 -3.535912584350e+01
 -3.537466850087e+01
 -3.538978724521e+01
 -3.540448338945e+01
 -3.541875820138e+01
 -3.543261290418e+01
 -3.544604867694e+01
 -3.545906665506e+01
 -3.547166793076e+01
 -3.548385355346e+01
 -3.549562453021e+01
 -3.550698182609e+01
 -3.551792636457e+01
 -3.552845902787e+01
 -3.553858065730e+01
 -3.554829205360e+01
 -3.555759397720e+01
 -3.556648714858e+01
 -3.557497224848e+01
 -3.558304991820e+01
 -3.559072075981e+01
 -3.559798533640e+01
 -3.560484417232e+01
 -3.561129775331e+01
 -3.561734652672e+01
 -3.562299090171e+01
 -3.562823124935e+01
 -3.563306790277e+01
 -3.563750115731e+01
 -3.564153127062e+01
 -3.564515846275e+01
 -3.564838291622e+01
 -3.565120477613e+01
 -3.565362415017e+01
 -3.565563327170e+01
 -3.565719281177e+01
 -3.565834994687e+01
 -3.565910463540e+01
 -3.565945679843e+01
 -3.565940631967e+01
 -3.565895304543e+01
 -3.565809678459e+01
 -3.565683730847e+01
 -3.565517435081e+01
 -3.565310760765e+01
 -3.565063673718e+01
 -3.564776135967e+01
 -3.564448105731e+01
 -3.564079537402e+01
 -3.563670381535e+01
 -3.563220584822e+01
 -3.562730090077e+01
 -3.562198836214e+01
 -3.561626758221e+01
 -3.561013787139e+01
 -3.560359850036e+01
 -3.559664869974e+01
 -3.558928765988e+01
 -3.558151453048e+01
 -3.557332842031e+01
 -3.556472839685e+01
 -3.555571348593e+01
 -3.554628267135e+01
 -3.553643489451e+01
 -3.552616905397e+01
 -3.551548400502e+01
 -3.550437855928e+01
 -3.549285148416e+01
 -3.548090150243e+01
 -3.546852729166e+01
 -3.545572748376e+01
 -3.544250066438e+01
 -3.542884537233e+01
 -3.541476009906e+01
 -3.540024328797e+01
 -3.538529333379e+01
 -3.536990858198e+01
 -3.535408734192e+01
 -3.533782785203e+01
 -3.532112829793e+01
 -3.530398682070e+01
 -3.528640150843e+01
 -3.526837039540e+01
 -3.524989146124e+01
 -3.523096263009e+01
 -3.521158176964e+01
 -3.519174669025e+01
 -3.517145514397e+01
 -3.515070482353e+01
 -3.512949336134e+01
 -3.510781832839e+01
 -3.508567723318e+01
 -3.506306752058e+01
 -3.503998657065e+01
 -3.501643169741e+01
 -3.499240014762e+01
 -3.496788909946e+01
 -3.494289566121e+01
 -3.491741686985e+01
 -3.489144968964e+01
 -3.486499101063e+01
 -3.483803764717e+01
 -3.481058633628e+01
 -3.478263373607e+01
 -3.475417642404e+01
 -3.472521089530e+01
 -3.469573356084e+01
 -3.466574074561e+01
 -3.463522868665e+01
 -3.460419353104e+01
 -3.457263133390e+01
 -3.454053805622e+01
 -3.450790956271e+01
 -3.447474161945e+01
 -3.444102989163e+01
 -3.440676994104e+01
 -3.437195722357e+01
 -3.433658708662e+01
 -3.430065476639e+01
 -3.426415538505e+01
 -3.422708394792e+01
 -3.418943534039e+01
 -3.415120432487e+01
 -3.411238553754e+01
 -3.407297348504e+01
 -3.403296254098e+01
 -3.399234694240e+01
 -3.395112078602e+01
 -3.390927802440e+01
 -3.386681246195e+01
 -3.382371775075e+01
 -3.377998738630e+01
 -3.373561470300e+01
 -3.369059286955e+01
 -3.364491488409e+01
 -3.359857356925e+01
 -3.355156156690e+01
 -3.350387133277e+01
 -3.345549513084e+01
 -3.340642502747e+01
 -3.335665288534e+01
 -3.330617035711e+01
 -3.325496887888e+01
 -3.320303966329e+01
 -3.315037367572e+01
 -3.309696165947e+01
 -3.304279413029e+01
 -3.298786133265e+01
 -3.293215324877e+01
 -3.287565958983e+01
 -3.281836978681e+01
 -3.276027298096e+01
 -3.270135801375e+01
 -3.264161341650e+01
 -3.258102739943e+01
 -3.251958784031e+01
 -3.245728227252e+01
 -3.239409787261e+01
 -3.233002144722e+01
 -3.226503941946e+01
 -3.219913781460e+01
 -3.213230224508e+01
 -3.206451789481e+01
 -3.199576950269e+01
 -3.192604134532e+01
 -3.185531721890e+01
 -3.178358042010e+01
 -3.171081372614e+01
 -3.163699937369e+01
 -3.156211903673e+01
 -3.148615380335e+01
 -3.140908415114e+01
 -3.133088992146e+01
 -3.125155029218e+01
 -3.117104374902e+01
 -3.108934805530e+01
 -3.100644021993e+01
 -3.092229646375e+01
 -3.083689218380e+01
 -3.075020191566e+01
 -3.066219929347e+01
 -3.057285700774e+01
 -3.048214676053e+01
 -3.039003921801e+01
 -3.029650396005e+01
 -3.020150942677e+01
 -3.010502286169e+01
 -3.000701025135e+01
 -2.990743626097e+01
 -2.980626416600e+01
 -2.970345577919e+01
 -2.959897137267e+01
 -2.949276959494e+01
 -2.938480738206e+01
 -2.927503986271e+01
 -2.916342025657e+01
 -2.904989976547e+01
 -2.893442745661e+01
 -2.881695013727e+01
 -2.869741222013e+01
 -2.857575557842e+01
 -2.845191938997e+01
 -2.832583996903e+01
 -2.819745058488e+01
 -2.806668126573e+01
 -2.793345858667e+01
 -2.779770543994e+01
 -2.765934078579e+01
 -2.751827938202e+01
 -2.737443148969e+01
 -2.722770255283e+01
 -2.707799284905e+01
 -2.692519710788e+01
 -2.676920409342e+01
 -2.660989614686e+01
 -2.644714868451e+01
 -2.628082964579e+01
 -2.611079888533e+01
 -2.593690750199e+01
 -2.575899709708e+01
 -2.557689895247e+01
 -2.539043311802e+01
 -2.519940739620e+01
 -2.500361620957e+01
 -2.480283933479e+01
 -2.459684048362e+01
 -2.438536570851e+01
 -2.416814160608e+01
 -2.394487328709e+01
 -2.371524207571e+01
 -2.347890289371e+01
 -2.323548127681e+01
 -2.298456995939e+01
 -2.272572495106e+01
 -2.245846101213e+01
 -2.218224641463e+01
 -2.189649685026e+01
 -2.160056831429e+01
 -2.129374875335e+01
 -2.097524821300e+01
 -2.064418715281e+01
 -2.029958250911e+01
 -1.994033097052e+01
 -1.956518877905e+01
 -1.917274716759e+01
 -1.876140227252e+01
 -1.832931799192e+01
 -1.787437975599e+01
 -1.739413648151e+01
 -1.688572701558e+01
 -1.634578602111e+01
 -1.577032235429e+01
 -1.515456031363e+01
 -1.449273043010e+01
 -1.377775169793e+01
 -1.300097102185e+01
 -1.215157612644e+01
 -1.121595958339e+01
 -1.017692696303e+01
 -9.012874026814e+00
 -7.697558511082e+00
 -6.202779766880e+00
 -4.512144436954e+00
 -2.672890116749e+00
 -9.503114138179e-01
 -3.928485079044e-02
 -5.856972519426e-01
 -2.177052811569e+00
 -4.029088292450e+00
 -5.773056595728e+00
 -7.323805125951e+00
 -8.688335031127e+00
 -9.893850364275e+00
 -1.096762732449e+01
 -1.193256753231e+01
 -1.280699243307e+01
 -1.360540225259e+01
 -1.433930666237e+01
 -1.501791716221e+01
 -1.564868110204e+01
 -1.623768339889e+01
 -1.678994721617e+01
 -1.730965984469e+01
 -1.780034368888e+01
 -1.826498691321e+01
 -1.870614426410e+01
 -1.912601565726e+01
 -1.952650803337e+01
 -1.990928450109e+01
 -2.027580372780e+01
 -2.062735177878e+01
 -2.096506805633e+01
 -2.128996658931e+01
 -2.160295362864e+01
 -2.190484228527e+01
 -2.219636478276e+01
 -2.247818277290e+01
 -2.275089606784e+01
 -2.301505007004e+01
 -2.327114212482e+01
 -2.351962697680e+01
 -2.376092147693e+01
 -2.399540865970e+01
 -2.422344128863e+01
 -2.444534495077e+01
 -2.466142076707e+01
 -2.487194777424e+01
 -2.507718502454e+01
 -2.527737344266e+01
 -2.547273747231e+01
 -2.566348654067e+01
 -2.584981636399e+01
 -2.603191011475e+01
 -2.620993946749e+01
 -2.638406553804e+01
 -2.655443972905e+01
 -2.672120449265e+01
 -2.688449401984e+01
 -2.704443486488e+01
 -2.720114651188e+01
 -2.735474188988e+01
 -2.750532784190e+01
 -2.765300555285e+01
 -2.779787094054e+01
 -2.794001501347e+01
 -2.807952419881e+01
 -2.821648064351e+01
 -2.835096249097e+01
 -2.848304413582e+01
 -2.861279645877e+01
 -2.874028704327e+01
 -2.886558037581e+01
 -2.898873803124e+01
 -2.910981884434e+01
 -2.922887906907e+01
 -2.934597252633e+01
 -2.946115074128e+01
 -2.957446307117e+01
 -2.968595682432e+01
 -2.979567737109e+01
 -2.990366824741e+01
 -3.000997125148e+01
 -3.011462653417e+01
 -3.021767268364e+01
 -3.031914680454e+01
 -3.041908459226e+01
 -3.051752040263e+01
 -3.061448731729e+01
 -3.071001720512e+01
 -3.080414078005e+01
 -3.089688765543e+01
 -3.098828639519e+01
 -3.107836456211e+01
 -3.116714876329e+01
 -3.125466469312e+01
 -3.134093717376e+01
 -3.142599019346e+01
 -3.150984694278e+01
 -3.159252984884e+01
 -3.167406060773e+01
 -3.175446021521e+01
 -3.183374899586e+01
 -3.191194663064e+01
 -3.198907218309e+01
 -3.206514412416e+01
 -3.214018035586e+01
 -3.221419823365e+01
 -3.228721458781e+01
 -3.235924574367e+01
 -3.243030754097e+01
 -3.250041535221e+01
 -3.256958410020e+01
 -3.263782827468e+01
 -3.270516194829e+01
 -3.277159879173e+01
 -3.283715208823e+01
 -3.290183474738e+01
 -3.296565931835e+01
 -3.302863800249e+01
 -3.309078266537e+01
 -3.315210484838e+01
 -3.321261577966e+01
 -3.327232638475e+01
 -3.333124729663e+01
 -3.338938886541e+01
 -3.344676116762e+01
 -3.350337401507e+01
 -3.355923696338e+01
 -3.361435932012e+01
 -3.366875015267e+01
 -3.372241829572e+01
 -3.377537235849e+01
 -3.382762073164e+01
 -3.387917159395e+01
 -3.393003291870e+01
 -3.398021247980e+01
 -3.402971785769e+01
 -3.407855644505e+01
 -3.412673545224e+01
 -3.417426191253e+01
 -3.422114268719e+01
 -3.426738447035e+01
 -3.431299379367e+01
 -3.435797703084e+01
 -3.440234040197e+01
 -3.444608997775e+01
 -3.448923168348e+01
 -3.453177130296e+01
 -3.457371448224e+01
 -3.461506673328e+01
 -3.465583343735e+01
 -3.469601984848e+01
 -3.473563109665e+01
 -3.477467219097e+01
 -3.481314802266e+01
 -3.485106336800e+01
 -3.488842289113e+01
 -3.492523114680e+01
 -3.496149258296e+01
 -3.499721154335e+01
 -3.503239226992e+01
 -3.506703890520e+01
 -3.510115549464e+01
 -3.513474598874e+01
 -3.516781424530e+01
 -3.520036403140e+01
 -3.523239902546e+01
 -3.526392281915e+01
 -3.529493891927e+01
 -3.532545074956e+01
 -3.535546165248e+01
 -3.538497489084e+01
 -3.541399364951e+01
 -3.544252103699e+01
 -3.547056008691e+01
 -3.549811375954e+01
 -3.552518494326e+01
 -3.555177645588e+01
 -3.557789104605e+01
 -3.560353139454e+01
 -3.562870011547e+01
 -3.565339975533e+01
 -3.567763277298e+01
 -3.570140161776e+01
 -3.572470864911e+01
 -3.574755616559e+01
 -3.576994640587e+01
 -3.579188154974e+01
 -3.581336371907e+01
 -3.583439497880e+01
 -3.585497733774e+01
 -3.587511274954e+01
 -3.589480311348e+01
 -3.591405027531e+01
 -3.593285602803e+01
 -3.595122211263e+01
 -3.596915021888e+01
 -3.598664198596e+01
 -3.600369900322e+01
 -3.602032281080e+01
 -3.603651490026e+01
 -3.605227671521e+01
 -3.606760965191e+01
 -3.608251505981e+01
 -3.609699424210e+01
 -3.611104845628e+01
 -3.612467891458e+01
 -3.613788678454e+01
 -3.615067318941e+01
 -3.616303920861e+01
 -3.617498587817e+01
 -3.618651419113e+01
 -3.619762509792e+01
 -3.620827274654e+01
 -3.621849371287e+01
 -3.622829985318e+01
 -3.623769195103e+01
 -3.624667074906e+01
 -3.625523694929e+01
 -3.626339121337e+01
 -3.627113416286e+01
 -3.627846637943e+01
 -3.628538840511e+01
 -3.629190074248e+01
 -3.629800385490e+01
 -3.630369816662e+01
 -3.630898406300e+01
 -3.631386189063e+01
 -3.631833195746e+01
 -3.632239453292e+01
 -3.632604984804e+01
 -3.632929809551e+01
 -3.633213942976e+01
 -3.633457396703e+01
 -3.633660178541e+01
 -3.633822292487e+01
 -3.633943738726e+01
 -3.634024513633e+01
 -3.634064609773e+01
 -3.634064015894e+01
 -3.634022716928e+01
 -3.633940693979e+01
 -3.633817924324e+01
 -3.633654381399e+01
 -3.633450034788e+01
 -3.633204850218e+01
 -3.632918789540e+01
 -3.632591810718e+01
 -3.632223867810e+01
 -3.631814910956e+01
 -3.631364886354e+01
 -3.630873736243e+01
 -3.630341398879e+01
 -3.629767808513e+01
 -3.629152895364e+01
 -3.628496585596e+01
 -3.627798801286e+01
 -3.627059460395e+01
 -3.626278476739e+01
 -3.625455759951e+01
 -3.624591215452e+01
 -3.623684744407e+01
 -3.622736243693e+01
 -3.621745605855e+01
 -3.620712719065e+01
 -3.619637467077e+01
 -3.618519729182e+01
 -3.617359380159e+01
 -3.616156290225e+01
 -3.614910324984e+01
 -3.613621345372e+01
 -3.612289207601e+01
 -3.610913763099e+01
 -3.609494858452e+01
 -3.608032335338e+01
 -3.606526030463e+01
 -3.604975775494e+01
 -3.603381396986e+01
 -3.601742716313e+01
 -3.600059549589e+01
 -3.598331707589e+01
 -3.596558995674e+01
 -3.594741213701e+01
 -3.592878155938e+01
 -3.590969610976e+01
 -3.589015361635e+01
 -3.587015184868e+01
 -3.584968851662e+01
 -3.582876126935e+01
 -3.580736769430e+01
 -3.578550531606e+01
 -3.576317159524e+01
 -3.574036392730e+01
 -3.571707964134e+01
 -3.569331599884e+01
 -3.566907019240e+01
 -3.564433934436e+01
 -3.561912050542e+01
 -3.559341065326e+01
 -3.556720669103e+01
 -3.554050544579e+01
 -3.551330366703e+01
 -3.548559802495e+01
 -3.545738510881e+01
 -3.542866142520e+01
 -3.539942339622e+01
 -3.536966735765e+01
 -3.533938955697e+01
 -3.530858615145e+01
 -3.527725320602e+01
 -3.524538669118e+01
 -3.521298248080e+01
 -3.518003634982e+01
 -3.514654397191e+01
 -3.511250091706e+01
 -3.507790264899e+01
 -3.504274452261e+01
 -3.500702178125e+01
 -3.497072955394e+01
 -3.493386285242e+01
 -3.489641656822e+01
 -3.485838546950e+01
 -3.481976419784e+01
 -3.478054726490e+01
 -3.474072904897e+01
 -3.470030379136e+01
 -3.465926559270e+01
 -3.461760840906e+01
 -3.457532604798e+01
 -3.453241216425e+01
 -3.448886025568e+01
 -3.444466365856e+01
 -3.439981554305e+01
 -3.435430890832e+01
 -3.430813657758e+01
 -3.426129119282e+01
 -3.421376520944e+01
 -3.416555089056e+01
 -3.411664030126e+01
 -3.406702530236e+01
 -3.401669754422e+01
 -3.396564846003e+01
 -3.391386925900e+01
 -3.386135091919e+01
 -3.380808418009e+01
 -3.375405953479e+01
 -3.369926722195e+01
 -3.364369721732e+01
 -3.358733922497e+01
 -3.353018266805e+01
 -3.347221667927e+01
 -3.341343009082e+01
 -3.335381142396e+01
 -3.329334887805e+01
 -3.323203031917e+01
 -3.316984326814e+01
 -3.310677488802e+01
 -3.304281197105e+01
 -3.297794092495e+01
 -3.291214775855e+01
 -3.284541806681e+01
 -3.277773701499e+01
 -3.270908932221e+01
 -3.263945924404e+01
 -3.256883055436e+01
 -3.249718652618e+01
 -3.242450991162e+01
 -3.235078292076e+01
 -3.227598719947e+01
 -3.220010380601e+01
 -3.212311318645e+01
 -3.204499514878e+01
 -3.196572883558e+01
 -3.188529269526e+01
 -3.180366445161e+01
 -3.172082107184e+01
 -3.163673873260e+01
 -3.155139278423e+01
 -3.146475771289e+01
 -3.137680710046e+01
 -3.128751358214e+01
 -3.119684880144e+01
 -3.110478336255e+01
 -3.101128677972e+01
 -3.091632742352e+01
 -3.081987246382e+01
 -3.072188780902e+01
 -3.062233804151e+01
 -3.052118634884e+01
 -3.041839445041e+01
 -3.031392251923e+01
 -3.020772909842e+01
 -3.009977101199e+01
 -2.999000326939e+01
 -2.987837896331e+01
 -2.976484916026e+01
 -2.964936278317e+01
 -2.953186648530e+01
 -2.941230451484e+01
 -2.929061856916e+01
 -2.916674763792e+01
 -2.904062783387e+01
 -2.891219221023e+01
 -2.878137056337e+01
 -2.864808921931e+01
 -2.851227080243e+01
 -2.837383398459e+01
 -2.823269321265e+01
 -2.808875841213e+01
 -2.794193466436e+01
 -2.779212185445e+01
 -2.763921428657e+01
 -2.748310026311e+01
 -2.732366162338e+01
 -2.716077323725e+01
 -2.699430244819e+01
 -2.682410845972e+01
 -2.665004165808e+01
 -2.647194286308e+01
 -2.628964249787e+01
 -2.610295966680e+01
 -2.591170112891e+01
 -2.571566015274e+01
 -2.551461523541e+01
 -2.530832866654e+01
 -2.509654491361e+01
 -2.487898880198e+01
 -2.465536345710e+01
 -2.442534797103e+01
 -2.418859474781e+01
 -2.394472647339e+01
 -2.369333264488e+01
 -2.343394015369e+01
 -2.316605695157e+01
 -2.288917447421e+01
 -2.260270280205e+01
 -2.230599141543e+01
 -2.199832065705e+01
 -2.167889164727e+01
 -2.134681430615e+01
 -2.100109304324e+01
 -2.064060955374e+01
 -2.026410199786e+01
 -1.987013962273e+01
 -1.945709159332e+01
 -1.902308839751e+01
 -1.856597363822e+01
 -1.808324325403e+01
 -1.757196812413e+01
 -1.702869446646e+01
 -1.644931421789e+01
 -1.582889437449e+01
 -1.516144962329e+01
 -1.443963593035e+01
 -1.365433348716e+01
 -1.279407567523e+01
 -1.184426990149e+01
 -1.078616231620e+01
 -9.595583630428e+00
 -8.241909460224e+00
 -6.689254487257e+00
 -4.908074911802e+00
 -2.928118479319e+00
 -1.023820238152e+00
 -2.878582616968e-02
 -7.387064827873e-01
 -2.558913793970e+00
 -4.561295194454e+00
 -6.388186451431e+00
 -7.984651479544e+00
 -9.375467351208e+00
 -1.059680526325e+01
 -1.168049259356e+01
 -1.265184088534e+01
 -1.353051054202e+01
 -1.433178013354e+01
 -1.506763035905e+01
 -1.574756795256e+01
 -1.637923103647e+01
 -1.696883110234e+01
 -1.752147716237e+01
 -1.804141592781e+01
 -1.853221167944e+01
 -1.899688254424e+01
 -1.943800499366e+01
 -1.985779487912e+01
 -2.025817094837e+01
 -2.064080513392e+01
 -2.100716274588e+01
 -2.135853488075e+01
 -2.169606476985e+01
 -2.202076936672e+01
 -2.233355716135e+01
 -2.263524298054e+01
 -2.292656036194e+01
 -2.320817196135e+01
 -2.348067835452e+01
 -2.374462552042e+01
 -2.400051123482e+01
 -2.424879055855e+01
 -2.448988056919e+01
 -2.472416445765e+01
 -2.495199508886e+01
 -2.517369810819e+01
 -2.538957466126e+01
 -2.559990378331e+01
 -2.580494450494e+01
 -2.600493771369e+01
 -2.620010780445e+01
 -2.639066414684e+01
 -2.657680239328e+01
 -2.675870564803e+01
 -2.693654551449e+01
 -2.711048303572e+01
 -2.728066954084e+01
 -2.744724740849e+01
 -2.761035075677e+01
 -2.777010606813e+01
 -2.792663275626e+01
 -2.808004368142e+01
 -2.823044561973e+01
 -2.837793969119e+01
 -2.852262175076e+01
 -2.866458274625e+01
 -2.880390904629e+01
 -2.894068274141e+01
 -2.907498192078e+01
 -2.920688092690e+01
 -2.933645059041e+01
 -2.946375844673e+01
 -2.958886893628e+01
 -2.971184358973e+01
 -2.983274119957e+01
 -2.995161797922e+01
 -3.006852771075e+01
 -3.018352188216e+01
 -3.029664981512e+01
 -3.040795878388e+01
 -3.051749412620e+01
 -3.062529934679e+01
 -3.073141621397e+01
 -3.083588485002e+01
 -3.093874381571e+01
 -3.104003018945e+01
 -3.113977964154e+01
 -3.123802650373e+01
 -3.133480383463e+01
 -3.143014348102e+01
 -3.152407613567e+01
 -3.161663139161e+01
 -3.170783779331e+01
 -3.179772288487e+01
 -3.188631325546e+01
 -3.197363458223e+01
 -3.205971167083e+01
 -3.214456849360e+01
 -3.222822822583e+01
 -3.231071327991e+01
 -3.239204533780e+01
 -3.247224538164e+01
 -3.255133372286e+01
 -3.262933002977e+01
 -3.270625335369e+01
 -3.278212215378e+01
 -3.285695432064e+01
 -3.293076719873e+01
 -3.300357760763e+01
 -3.307540186238e+01
 -3.314625579268e+01
 -3.321615476133e+01
 -3.328511368168e+01
 -3.335314703432e+01
 -3.342026888295e+01
 -3.348649288957e+01
 -3.355183232893e+01
 -3.361630010234e+01
 -3.367990875088e+01
 -3.374267046797e+01
 -3.380459711144e+01
 -3.386570021505e+01
 -3.392599099948e+01
 -3.398548038290e+01
 -3.404417899108e+01
 -3.410209716698e+01
 -3.415924498010e+01
 -3.421563223529e+01
 -3.427126848128e+01
 -3.432616301883e+01
 -3.438032490854e+01
 -3.443376297838e+01
 -3.448648583090e+01
 -3.453850185010e+01
 -3.458981920813e+01
 -3.464044587165e+01
 -3.469038960794e+01
 -3.473965799086e+01
 -3.478825840644e+01
 -3.483619805840e+01
 -3.488348397336e+01
 -3.493012300591e+01
 -3.497612184343e+01
 -3.502148701083e+01
 -3.506622487499e+01
 -3.511034164916e+01
 -3.515384339709e+01
 -3.519673603709e+01
 -3.523902534590e+01
 -3.528071696246e+01
 -3.532181639148e+01
 -3.536232900695e+01
 -3.540226005549e+01
 -3.544161465961e+01
 -3.548039782080e+01
 -3.551861442261e+01
 -3.555626923348e+01
 -3.559336690966e+01
 -3.562991199782e+01
 -3.566590893777e+01
 -3.570136206493e+01
 -3.573627561281e+01
 -3.577065371539e+01
 -3.580450040936e+01
 -3.583781963641e+01
 -3.587061524528e+01
 -3.590289099389e+01
 -3.593465055133e+01
 -3.596589749976e+01
 -3.599663533632e+01
 -3.602686747491e+01
 -3.605659724795e+01
 -3.608582790808e+01
 -3.611456262976e+01
 -3.614280451091e+01
 -3.617055657439e+01
 -3.619782176952e+01
 -3.622460297346e+01
 -3.625090299267e+01
 -3.627672456420e+01
 -3.630207035699e+01
 -3.632694297316e+01
 -3.635134494918e+01
 -3.637527875707e+01
 -3.639874680557e+01
 -3.642175144115e+01
 -3.644429494918e+01
 -3.646637955487e+01
 -3.648800742432e+01
 -3.650918066547e+01
 -3.652990132902e+01
 -3.655017140932e+01
 -3.656999284527e+01
 -3.658934066395e+01
 -3.660821394494e+01
 -3.662664405492e+01
 -3.664463271903e+01
 -3.666218161084e+01
 -3.667929235308e+01
 -3.669596651832e+01
 -3.671220562962e+01
 -3.672801116113e+01
 -3.674338453877e+01
 -3.675832714073e+01
 -3.677284029809e+01
 -3.678692529535e+01
 -3.680058337093e+01
 -3.681381571768e+01
 -3.682662348339e+01
 -3.683900777118e+01
 -3.685096964000e+01
 -3.686251010503e+01
 -3.687363013807e+01
 -3.688433066794e+01
 -3.689461258085e+01
 -3.690447672071e+01
 -3.691392388950e+01
 -3.692295484758e+01
 -3.693157031394e+01
 -3.693977096655e+01
 -3.694755744255e+01
 -3.695493033855e+01
 -3.696189021085e+01
 -3.696843757562e+01
 -3.697457290915e+01
 -3.698029664797e+01
 -3.698560918909e+01
 -3.699051089010e+01
 -3.699500206932e+01
 -3.699908300593e+01
 -3.700275394009e+01
 -3.700601507298e+01
 -3.700886656694e+01
 -3.701130854549e+01
 -3.701334109342e+01
 -3.701496425677e+01
 -3.701617804288e+01
 -3.701698242041e+01
 -3.701737731931e+01
 -3.701736263078e+01
 -3.701693820726e+01
 -3.701610386238e+01
 -3.701485937083e+01
 -3.701320446839e+01
 -3.701113885171e+01
 -3.700866217828e+01
 -3.700577406627e+01
 -3.700247409439e+01
 -3.699876180175e+01
 -3.699463668765e+01
 -3.699009821143e+01
 -3.698514579224e+01
 -3.697977880884e+01
 -3.697399659934e+01
 -3.696779846097e+01
 -3.696118364980e+01
 -3.695415138046e+01
 -3.694670082585e+01
 -3.693883111678e+01
 -3.693054134168e+01
 -3.692183054623e+01
 -3.691269773298e+01
 -3.690314186096e+01
 -3.689316184531e+01
 -3.688275655679e+01
 -3.687192482137e+01
 -3.686066541977e+01
 -3.684897708696e+01
 -3.683685851164e+01
 -3.682430833576e+01
 -3.681132515393e+01
 -3.679790751283e+01
 -3.678405391068e+01
 -3.676976279659e+01
 -3.675503256990e+01
 -3.673986157956e+01
 -3.672424812340e+01
