input_1/mode_1/gain_slice(1000,1)
 -1.297400967100e-03
 -1.292124912240e-03
 -1.286998102655e-03
 -1.282018473088e-03
 -1.277184029471e-03
 -1.272492847193e-03
 -1.267943069371e-03
 -1.263532905267e-03
 -1.259260628707e-03
 -1.255124576618e-03
 -1.251123147597e-03
 -1.247254800544e-03
 -1.243518053378e-03
 -1.239911481779e-03
 -1.236433718004e-03
 -1.233083449762e-03
 -1.229859419114e-03
 -1.226760421461e-03
 -1.223785304550e-03
 -1.220932967547e-03
 -1.218202360140e-03
 -1.215592481715e-03
 -1.213102380533e-03
 -1.210731152987e-03
 -1.208477942904e-03
 -1.206341940840e-03
 -1.204322383472e-03
 -1.202418552995e-03
 -1.200629776568e-03
 -1.198955425793e-03
 -1.197394916244e-03
 -1.195947707006e-03
 -1.194613300282e-03
 -1.193391241008e-03
 -1.192281116518e-03
 -1.191282556241e-03
 -1.190395231418e-03
 -1.189618854876e-03
 -1.188953180823e-03
 -1.188400142773e-03
 -1.187970309800e-03
 -1.187650685539e-03
 -1.187441192467e-03
 -1.187341793904e-03
 -1.187352493999e-03
 -1.187473337754e-03
 -1.187704411083e-03
 -1.188045840903e-03
 -1.188497795244e-03
 -1.189060483413e-03
 -1.189734156177e-03
 -1.190519105983e-03
 -1.191415667213e-03
 -1.192424216471e-03
 -1.193545172894e-03
 -1.194778998524e-03
 -1.196126198693e-03
 -1.197587322438e-03
 -1.199162962990e-03
 -1.200853758248e-03
 -1.202660391332e-03
 -1.204583591160e-03
 -1.206624133054e-03
 -1.208782839411e-03
 -1.211060580385e-03
 -1.213458274636e-03
 -1.215976890120e-03
 -1.218617444896e-03
 -1.221381008015e-03
 -1.224268700447e-03
 -1.227281696026e-03
 -1.230421222488e-03
 -1.233688562540e-03
 -1.237085054967e-03
 -1.240612095826e-03
 -1.244271139673e-03
 -1.248063700857e-03
 -1.251991354873e-03
 -1.256055739769e-03
 -1.260258557643e-03
 -1.264601576168e-03
 -1.269086630229e-03
 -1.273715867964e-03
 -1.278491155740e-03
 -1.283414407251e-03
 -1.288487743981e-03
 -1.293713363828e-03
 -1.299093543211e-03
 -1.304630639259e-03
 -1.310327092072e-03
 -1.316185427120e-03
 -1.322208257702e-03
 -1.328398287553e-03
 -1.334758313525e-03
 -1.341291228408e-03
 -1.348000023872e-03
 -1.354887793516e-03
 -1.361957736078e-03
 -1.369213158763e-03
 -1.376657480715e-03
 -1.384294236656e-03
 -1.392127080657e-03
 -1.400159790118e-03
 -1.408396269868e-03
 -1.416840556482e-03
 -1.425496822777e-03
 -1.434369382517e-03
 -1.443462695293e-03
 -1.452781371671e-03
 -1.462330178534e-03
 -1.472114044675e-03
 -1.482138066647e-03
 -1.492407514860e-03
 -1.502927839990e-03
 -1.513704679649e-03
 -1.524743865370e-03
 -1.536051429943e-03
 -1.547633615042e-03
 -1.559496879246e-03
 -1.571647906445e-03
 -1.584093614593e-03
 -1.596841164947e-03
 -1.609897971678e-03
 -1.623271712012e-03
 -1.636970336806e-03
 -1.651002081676e-03
 -1.665375478650e-03
 -1.680099368416e-03
 -1.695182913160e-03
 -1.710635610051e-03
 -1.726467305420e-03
 -1.742688209635e-03
 -1.759308912761e-03
 -1.776340400991e-03
 -1.793794073962e-03
 -1.811681762962e-03
 -1.830015750075e-03
 -1.848808788363e-03
 -1.868074123122e-03
 -1.887825514260e-03
 -1.908077259896e-03
 -1.928844221248e-03
 -1.950141848882e-03
 -1.971986210423e-03
 -1.994394019784e-03
 -2.017382668074e-03
 -2.040970256238e-03
 -2.065175629541e-03
 -2.090018414084e-03
 -2.115519569101e-03
 -2.141700444741e-03
 -2.168582719609e-03
 -2.196189553603e-03
 -2.224545104673e-03
 -2.253674580379e-03
 -2.283604292566e-03
 -2.314361715421e-03
 -2.345975547126e-03
 -2.378475775380e-03
 -2.411893747056e-03
 -2.446262242308e-03
 -2.481615553446e-03
 -2.517989568919e-03
 -2.555421862843e-03
 -2.593951790404e-03
 -2.633620589679e-03
 -2.674471490298e-03
 -2.716549829519e-03
 -2.759903176286e-03
 -2.804581463894e-03
 -2.850637131985e-03
 -2.898125278569e-03
 -2.947103822969e-03
 -2.997633680521e-03
 -3.049778950050e-03
 -3.103607115207e-03
 -3.159189260804e-03
 -3.216600305493e-03
 -3.275919252186e-03
 -3.337229457776e-03
 -3.400618923892e-03
 -3.466180610577e-03
 -3.534012774975e-03
 -3.604219337344e-03
 -3.676910276916e-03
 -3.752202060466e-03
 -3.830218106660e-03
 -3.911089289682e-03
 -3.994954485959e-03
 -4.081961168258e-03
 -4.172266051901e-03
 -4.266035798418e-03
 -4.363447782469e-03
 -4.464690928741e-03
 -4.569966626099e-03
 -4.679489727316e-03
 -4.793489643645e-03
 -4.912211544650e-03
 -5.035917675027e-03
 -5.164888801645e-03
 -5.299425805751e-03
 -5.439851437133e-03
 -5.586512249497e-03
 -5.739780738623e-03
 -5.900057708042e-03
 -6.067774890301e-03
 -6.243397855838e-03
 -6.427429246167e-03
 -6.620412373294e-03
 -6.822935233569e-03
 -7.035634991467e-03
 -7.259202997152e-03
 -7.494390411718e-03
 -7.742014525746e-03
 -8.002965870488e-03
 -8.278216237389e-03
 -8.568827741014e-03
 -8.875963083407e-03
 -9.200897205375e-03
 -9.545030543012e-03
 -9.909904147296e-03
 -1.029721697195e-02
 -1.070884569230e-02
 -1.114686748755e-02
 -1.161358630371e-02
 -1.211156321817e-02
 -1.264365165463e-02
 -1.321303835395e-02
 -1.382329120138e-02
 -1.447841525310e-02
 -1.518291860774e-02
 -1.594189015015e-02
 -1.676109167555e-02
 -1.764706751515e-02
 -1.860727556598e-02
 -1.965024463478e-02
 -2.078576430923e-02
 -2.202511526836e-02
 -2.338135017555e-02
 -2.486963824925e-02
 -2.650769054397e-02
 -2.831628827040e-02
 -3.031994367370e-02
 -3.254773284303e-02
 -3.503435346916e-02
 -3.782147966705e-02
 -4.095951303061e-02
 -4.450986787738e-02
 -4.854798502457e-02
 -5.316735157869e-02
 -5.848492875496e-02
 -6.464857945360e-02
 -7.184738168039e-02
 -8.032617988587e-02
 -9.040648032509e-02
 -1.025170464396e-01
 -1.172396779837e-01
 -1.353793881666e-01
 -1.580749526980e-01
 -1.869802579359e-01
 -2.245624907745e-01
 -2.746347315536e-01
 -3.433287819983e-01
 -4.409829850786e-01
 -5.860529180341e-01
 -8.138647904309e-01
 -1.198122059197e+00
 -1.910034264401e+00
 -3.405290535806e+00
 -7.167822696044e+00
 -2.472079834409e+01
 -9.165032070914e+00
 -4.080369007284e+00
 -2.201834336816e+00
 -1.344020584206e+00
 -8.950447854275e-01
 -6.349944192440e-01
 -4.723432162479e-01
 -3.643914347994e-01
 -2.893119438654e-01
 -2.350927886708e-01
 -1.947130702625e-01
 -1.638595339964e-01
 -1.397694619840e-01
 -1.206095801068e-01
 -1.051259322926e-01
 -9.243801283468e-02
 -8.191321493368e-02
 -7.308777486335e-02
 -6.561557125285e-02
 -5.923412577985e-02
 -5.374151688676e-02
 -4.898038640890e-02
 -4.482665768382e-02
 -4.118144553358e-02
 -3.796516770707e-02
 -3.511319971196e-02
 -3.257262801222e-02
 -3.029979572844e-02
 -2.825842746847e-02
 -2.641818237145e-02
 -2.475352725248e-02
 -2.324285147442e-02
 -2.186776610083e-02
 -2.061254478603e-02
 -1.946367458965e-02
 -1.840949271030e-02
 -1.743989086960e-02
 -1.654607333180e-02
 -1.572035772575e-02
 -1.495601023553e-02
 -1.424710854947e-02
 -1.358842735297e-02
 -1.297534222703e-02
 -1.240374864905e-02
 -1.186999344447e-02
 -1.137081655027e-02
 -1.090330135548e-02
 -1.046483220569e-02
 -1.005305791463e-02
 -9.665860332167e-03
 -9.301327183776e-03
 -8.957728531008e-03
 -8.633496311786e-03
 -8.327206508663e-03
 -8.037563566384e-03
 -7.763386740362e-03
 -7.503598107413e-03
 -7.257212011617e-03
 -7.023325752186e-03
 -6.801111349254e-03
 -6.589808247279e-03
 -6.388716836097e-03
 -6.197192686543e-03
 -6.014641412052e-03
 -5.840514079717e-03
 -5.674303104737e-03
 -5.515538570889e-03
 -5.363784927295e-03
 -5.218638018165e-03
 -5.079722407645e-03
 -4.946688966813e-03
 -4.819212693855e-03
 -4.696990741999e-03
 -4.579740632933e-03
 -4.467198636018e-03
 -4.359118295927e-03
 -4.255269093444e-03
 -4.155435225742e-03
 -4.059414494224e-03
 -3.967017289141e-03
 -3.878065661522e-03
 -3.792392473935e-03
 -3.709840622521e-03
 -3.630262323542e-03
 -3.553518458419e-03
 -3.479477971816e-03
 -3.408017317949e-03
 -3.339019950740e-03
 -3.272375853875e-03
 -3.207981107307e-03
 -3.145737486903e-03
 -3.085552094457e-03
 -3.027337015455e-03
 -2.971009002178e-03
 -2.916489180111e-03
 -2.863702775648e-03
 -2.812578863387e-03
 -2.763050131389e-03
 -2.715052663015e-03
 -2.668525733926e-03
 -2.623411623152e-03
 -2.579655437052e-03
 -2.537204945214e-03
 -2.496010427346e-03
 -2.456024530370e-03
 -2.417202134897e-03
 -2.379500230415e-03
 -2.342877798564e-03
 -2.307295703856e-03
 -2.272716591347e-03
 -2.239104790738e-03
 -2.206426226456e-03
 -2.174648333294e-03
 -2.143739977205e-03
 -2.113671380919e-03
 -2.084414054035e-03
 -2.055940727276e-03
 -2.028225290655e-03
 -2.001242735242e-03
 -1.974969098358e-03
 -1.949381411891e-03
 -1.924457653616e-03
 -1.900176701246e-03
 -1.876518289084e-03
 -1.853462967106e-03
 -1.830992062305e-03
 -1.809087642172e-03
 -1.787732480158e-03
 -1.766910023017e-03
 -1.746604359912e-03
 -1.726800193161e-03
 -1.707482810528e-03
 -1.688638058989e-03
 -1.670252319863e-03
 -1.652312485212e-03
 -1.634805935496e-03
 -1.617720518318e-03
 -1.601044528308e-03
 -1.584766687960e-03
 -1.568876129482e-03
 -1.553362377507e-03
 -1.538215332681e-03
 -1.523425256055e-03
 -1.508982754214e-03
 -1.494878765171e-03
 -1.481104544884e-03
 -1.467651654465e-03
 -1.454511947974e-03
 -1.441677560776e-03
 -1.429140898483e-03
 -1.416894626371e-03
 -1.404931659306e-03
 -1.393245152143e-03
 -1.381828490536e-03
 -1.370675282202e-03
 -1.359779348543e-03
 -1.349134716684e-03
 -1.338735611828e-03
 -1.328576449986e-03
 -1.318651831003e-03
 -1.308956531903e-03
 -1.299485500532e-03
 -1.290233849462e-03
 -1.281196850163e-03
 -1.272369927445e-03
 -1.263748654113e-03
 -1.255328745871e-03
 -1.247106056428e-03
 -1.239076572818e-03
 -1.231236410926e-03
 -1.223581811184e-03
 -1.216109134469e-03
 -1.208814858146e-03
 -1.201695572300e-03
 -1.194747976122e-03
 -1.187968915206e-03
 -1.181355754962e-03
 -1.174904996807e-03
 -1.168613743222e-03
 -1.162479189780e-03
 -1.156498622364e-03
 -1.150669414435e-03
 -1.144989024462e-03
 -1.139454993430e-03
 -1.134064942467e-03
 -1.128816570540e-03
 -1.123707652278e-03
 -1.118736035860e-03
 -1.113899641012e-03
 -1.109196457046e-03
 -1.104624541024e-03
 -1.100182015975e-03
 -1.095867069188e-03
 -1.091677950568e-03
 -1.087612971075e-03
 -1.083670501229e-03
 -1.079848969656e-03
 -1.076146861716e-03
 -1.072562718187e-03
 -1.069095133993e-03
 -1.065742756993e-03
 -1.062504286850e-03
 -1.059378473892e-03
 -1.056364118078e-03
 -1.053460067988e-03
 -1.050665219854e-03
 -1.047978516658e-03
 -1.045410174671e-03
 -1.042950594459e-03
 -1.040596203085e-03
 -1.038346126300e-03
 -1.036199532618e-03
 -1.034155632642e-03
 -1.032213678413e-03
 -1.030372962842e-03
 -1.028632819132e-03
 -1.026992620260e-03
 -1.025451778480e-03
 -1.024009744874e-03
 -1.022666008915e-03
 -1.021420098080e-03
 -1.020271577485e-03
 -1.019220049561e-03
 -1.018265153737e-03
 -1.017406566188e-03
 -1.016643999575e-03
 -1.015977202857e-03
 -1.015405961082e-03
 -1.014930095253e-03
 -1.014549462200e-03
 -1.014263954470e-03
 -1.014073500281e-03
 -1.013978063468e-03
 -1.013977643475e-03
 -1.014072275375e-03
 -1.014262029917e-03
 -1.014547013591e-03
 -1.014927368745e-03
 -1.015403273703e-03
 -1.015974942940e-03
 -1.016642627262e-03
 -1.017406614022e-03
 -1.018267227383e-03
 -1.019224828586e-03
 -1.020279816261e-03
 -1.021432626774e-03
 -1.022683734597e-03
 -1.024033652705e-03
 -1.025482933020e-03
 -1.027032166891e-03
 -1.028681985576e-03
 -1.030433060795e-03
 -1.032286105309e-03
 -1.034241873517e-03
 -1.036301162113e-03
 -1.038464810776e-03
 -1.040733702880e-03
 -1.043108766275e-03
 -1.045590974085e-03
 -1.048181345563e-03
 -1.050880946982e-03
 -1.053690892571e-03
 -1.056612345507e-03
 -1.059646518940e-03
 -1.062794677086e-03
 -1.066058136356e-03
 -1.069438266540e-03
 -1.072936492065e-03
 -1.076554293281e-03
 -1.080293207826e-03
 -1.084154832042e-03
 -1.088140822477e-03
 -1.092252897416e-03
 -1.096492838505e-03
 -1.100862492452e-03
 -1.105363772786e-03
 -1.109998661695e-03
 -1.114769211953e-03
 -1.119677548936e-03
 -1.124725872692e-03
 -1.129916460154e-03
 -1.135251667399e-03
 -1.140733932036e-03
 -1.146365775679e-03
 -1.152149806547e-03
 -1.158088722156e-03
 -1.164185312148e-03
 -1.170442461210e-03
 -1.176863152176e-03
 -1.183450469200e-03
 -1.190207601129e-03
 -1.197137844961e-03
 -1.204244609519e-03
 -1.211531419240e-03
 -1.219001918163e-03
 -1.226659874058e-03
 -1.234509182795e-03
 -1.242553872837e-03
 -1.250798110013e-03
 -1.259246202449e-03
 -1.267902605735e-03
 -1.276771928357e-03
 -1.285858937336e-03
 -1.295168564167e-03
 -1.304705910998e-03
 -1.314476257124e-03
 -1.324485065765e-03
 -1.334737991187e-03
 -1.345240886129e-03
 -1.355999809610e-03
 -1.367021035100e-03
 -1.378311059089e-03
 -1.389876610060e-03
 -1.401724657918e-03
 -1.413862423862e-03
 -1.426297390769e-03
 -1.439037314071e-03
 -1.452090233185e-03
 -1.465464483532e-03
 -1.479168709137e-03
 -1.493211875912e-03
 -1.507603285585e-03
 -1.522352590363e-03
 -1.537469808387e-03
 -1.552965339935e-03
 -1.568849984571e-03
 -1.585134959116e-03
 -1.601831916653e-03
 -1.618952966527e-03
 -1.636510695449e-03
 -1.654518189738e-03
 -1.672989058831e-03
 -1.691937460056e-03
 -1.711378124857e-03
 -1.731326386443e-03
 -1.751798209058e-03
 -1.772810218925e-03
 -1.794379736977e-03
 -1.816524813523e-03
 -1.839264264936e-03
 -1.862617712544e-03
 -1.886605623846e-03
 -1.911249356220e-03
 -1.936571203306e-03
 -1.962594444248e-03
 -1.989343395982e-03
 -2.016843468808e-03
 -2.045121225493e-03
 -2.074204444103e-03
 -2.104122184938e-03
 -2.134904861767e-03
 -2.166584317770e-03
 -2.199193906479e-03
 -2.232768578168e-03
 -2.267344972040e-03
 -2.302961514705e-03
 -2.339658525450e-03
 -2.377478328801e-03
 -2.416465375009e-03
 -2.456666369066e-03
 -2.498130408959e-03
 -2.540909133941e-03
 -2.585056883644e-03
 -2.630630868924e-03
 -2.677691355517e-03
 -2.726301861494e-03
 -2.776529369839e-03
 -2.828444557393e-03
 -2.882122041687e-03
 -2.937640647215e-03
 -2.995083692980e-03
 -3.054539303235e-03
 -3.116100743603e-03
 -3.179866784942e-03
 -3.245942097681e-03
 -3.314437679456e-03
 -3.385471319438e-03
 -3.459168102859e-03
 -3.535660959880e-03
 -3.615091263241e-03
 -3.697609479729e-03
 -3.783375881098e-03
 -3.872561320663e-03
 -3.965348082689e-03
 -4.061930812381e-03
 -4.162517535394e-03
 -4.267330776843e-03
 -4.376608791061e-03
 -4.490606914788e-03
 -4.609599058185e-03
 -4.733879349973e-03
 -4.863763955100e-03
 -4.999593086021e-03
 -5.141733231439e-03
 -5.290579629874e-03
 -5.446559019213e-03
 -5.610132698062e-03
 -5.781799939933e-03
 -5.962101807519e-03
 -6.151625421566e-03
 -6.351008747303e-03
 -6.560945971414e-03
 -6.782193554306e-03
 -7.015577056327e-03
 -7.261998853201e-03
 -7.522446875419e-03
 -7.798004530051e-03
 -8.089861991188e-03
 -8.399329079194e-03
 -8.727849989437e-03
 -9.077020180293e-03
 -9.448605789842e-03
 -9.844566023331e-03
 -1.026707904229e-02
 -1.071857199537e-02
 -1.120175596555e-02
 -1.171966677522e-02
 -1.227571279851e-02
 -1.287373118988e-02
 -1.351805426511e-02
 -1.421358818406e-02
 -1.496590660994e-02
 -1.578136269237e-02
 -1.666722358644e-02
 -1.763183284068e-02
 -1.868480744939e-02
 -1.983739440693e-02
 -2.110256834904e-02
 -2.249532650193e-02
 -2.403341366523e-02
 -2.573776872730e-02
 -2.763323965715e-02
 -2.974949223229e-02
 -3.212217483149e-02
 -3.479442509026e-02
 -3.781883791896e-02
 -4.126006343797e-02
 -4.519827583555e-02
 -4.973386286810e-02
 -5.499385165916e-02
 -6.114084449791e-02
 -6.838564785128e-02
 -7.700544232898e-02
 -8.737044644415e-02
 -9.998391526498e-02
 -1.155436401054e-01
 -1.350391709579e-01
 -1.599104370426e-01
 -1.923160529219e-01
 -2.356064734340e-01
 -2.951999466594e-01
 -3.802997397400e-01
 -5.074983746697e-01
 -7.089910830117e-01
 -1.053264464208e+00
 -1.704016084597e+00
 -3.115756175782e+00
 -6.856477999076e+00
 -2.733566582148e+01
 -8.170890862930e+00
 -3.540083820098e+00
 -1.880999703451e+00
 -1.139660970946e+00
 -7.562294887781e-01
 -5.355638662196e-01
 -3.980369960296e-01
 -3.069452163686e-01
 -2.436658371086e-01
 -1.979989232704e-01
 -1.640011656306e-01
 -1.380288817613e-01
 -1.177515039271e-01
 -1.016240079102e-01
 -8.859032364640e-02
 -7.790918891512e-02
 -6.904819935471e-02
 -6.161713648675e-02
 -5.532480157849e-02
 -4.995037950780e-02
 -4.532400282110e-02
 -4.131329163581e-02
 -3.781386105487e-02
 -3.474251541719e-02
 -3.203229513918e-02
 -2.962882207564e-02
 -2.748756882705e-02
 -2.557179462167e-02
 -2.385096826193e-02
 -2.229955118986e-02
 -2.089604974196e-02
 -1.962227068184e-02
 -1.846273170256e-02
 -1.740419112318e-02
 -1.643527002874e-02
 -1.554614666826e-02
 -1.472830774880e-02
 -1.397434484094e-02
 -1.327778678569e-02
 -1.263296101074e-02
 -1.203487819710e-02
 -1.147913591073e-02
 -1.096183771881e-02
 -1.047952501218e-02
 -1.002911930408e-02
 -9.607873205624e-03
 -9.213328618922e-03
 -8.843280959033e-03
 -8.495748431528e-03
 -8.168945565778e-03
 -7.861260343532e-03
 -7.571234375537e-03
 -7.297545670705e-03
 -7.038993617705e-03
 -6.794485860184e-03
 -6.563026797718e-03
 -6.343707486462e-03
 -6.135696748081e-03
 -5.938233324714e-03
 -5.750618941581e-03
 -5.572212159277e-03
 -5.402422914688e-03
 -5.240707663766e-03
 -5.086565051542e-03
 -4.939532045032e-03
 -4.799180473256e-03
 -4.665113926233e-03
 -4.536964970931e-03
 -4.414392647775e-03
 -4.297080215791e-03
 -4.184733118619e-03
 -4.077077147018e-03
 -3.973856776434e-03
 -3.874833660850e-03
 -3.779785266398e-03
 -3.688503630017e-03
 -3.600794230337e-03
 -3.516474959305e-03
 -3.435375184415e-03
 -3.357334892534e-03
 -3.282203907337e-03
 -3.209841173165e-03
 -3.140114098977e-03
 -3.072897956686e-03
 -3.008075328807e-03
 -2.945535600815e-03
 -2.885174494174e-03
 -2.826893636317e-03
 -2.770600164291e-03
 -2.716206359101e-03
 -2.663629308022e-03
 -2.612790592531e-03
 -2.563615999587e-03
 -2.516035254342e-03
 -2.469981772455e-03
 -2.425392430398e-03
 -2.382207352251e-03
 -2.340369711697e-03
 -2.299825547929e-03
 -2.260523594413e-03
 -2.222415119475e-03
 -2.185453777773e-03
 -2.149595471838e-03
 -2.114798222903e-03
 -2.081022050305e-03
 -2.048228858817e-03
 -2.016382333360e-03
 -1.985447840465e-03
 -1.955392336086e-03
 -1.926184279256e-03
 -1.897793551132e-03
 -1.870191379138e-03
 -1.843350265763e-03
 -1.817243921721e-03
 -1.791847203176e-03
 -1.767136052740e-03
 -1.743087443994e-03
 -1.719679329294e-03
 -1.696890590630e-03
 -1.674700993357e-03
 -1.653091142598e-03
 -1.632042442126e-03
 -1.611537055602e-03
 -1.591557869979e-03
 -1.572088460973e-03
 -1.553113060423e-03
 -1.534616525480e-03
 -1.516584309437e-03
 -1.499002434176e-03
 -1.481857464090e-03
 -1.465136481372e-03
 -1.448827062652e-03
 -1.432917256833e-03
 -1.417395564099e-03
 -1.402250915997e-03
 -1.387472656580e-03
 -1.373050524453e-03
 -1.358974635793e-03
 -1.345235468186e-03
 -1.331823845284e-03
 -1.318730922224e-03
 -1.305948171775e-03
 -1.293467371136e-03
 -1.281280589435e-03
 -1.269380175761e-03
 -1.257758747823e-03
 -1.246409181124e-03
 -1.235324598679e-03
 -1.224498361186e-03
 -1.213924057658e-03
 -1.203595496532e-03
 -1.193506697146e-03
 -1.183651881626e-03
 -1.174025467131e-03
 -1.164622058501e-03
 -1.155436441146e-03
 -1.146463574361e-03
 -1.137698584850e-03
 -1.129136760605e-03
 -1.120773544994e-03
 -1.112604531179e-03
 -1.104625456726e-03
 -1.096832198456e-03
 -1.089220767552e-03
 -1.081787304841e-03
 -1.074528076298e-03
 -1.067439468739e-03
 -1.060517985694e-03
 -1.053760243462e-03
 -1.047162967332e-03
 -1.040722987933e-03
 -1.034437237817e-03
 -1.028302748075e-03
 -1.022316645189e-03
 -1.016476147955e-03
 -1.010778564580e-03
 -1.005221289848e-03
 -9.998018024457e-04
 -9.945176623738e-04
 -9.893665084746e-04
 -9.843460560675e-04
 -9.794540946648e-04
 -9.746884857805e-04
 -9.700471608542e-04
 -9.655281192396e-04
 -9.611294262646e-04
 -9.568551159755e-04
 -9.527039053968e-04
 -9.486675171916e-04
 -9.447442672401e-04
 -9.409325288302e-04
 -9.372307311467e-04
 -9.336373578361e-04
 -9.301509456634e-04
 -9.267700831505e-04
 -9.234934093636e-04
 -9.203196126760e-04
 -9.172474296257e-04
 -9.142756438143e-04
 -9.114030848363e-04
 -9.086286272887e-04
 -9.059511897839e-04
 -9.033697340411e-04
 -9.008832640104e-04
 -8.984908250165e-04
 -8.961915029795e-04
 -8.939844236221e-04
 -8.918687517894e-04
 -8.898436907196e-04
 -8.879084814019e-04
 -8.860624019863e-04
 -8.843047671571e-04
 -8.826349275927e-04
 -8.810522694525e-04
 -8.795562138833e-04
 -8.781462165594e-04
 -8.768217672350e-04
 -8.755823893747e-04
 -8.744276397486e-04
 -8.733571081012e-04
 -8.723704168348e-04
 -8.714672207209e-04
 -8.706472066204e-04
 -8.699100932693e-04
 -8.692556310468e-04
 -8.686836017921e-04
 -8.681938186618e-04
 -8.677861259714e-04
 -8.674603991000e-04
 -8.672165443966e-04
 -8.670544991283e-04
 -8.669742314279e-04
 -8.669757403141e-04
 -8.670590556765e-04
 -8.672242383176e-04
 -8.674713800388e-04
 -8.678006036992e-04
 -8.682120633499e-04
 -8.687059443666e-04
 -8.692824636163e-04
 -8.699418696386e-04
 -8.706844428771e-04
 -8.715104959057e-04
 -8.724203737112e-04
 -8.734144539741e-04
 -8.744931474186e-04
 -8.756568981303e-04
 -8.769061839608e-04
 -8.782415169314e-04
 -8.796634436628e-04
 -8.811725458610e-04
 -8.827694407967e-04
 -8.844547818524e-04
 -8.862292590845e-04
 -8.880935998091e-04
 -8.900485692529e-04
 -8.920949711965e-04
 -8.942336486994e-04
 -8.964654848310e-04
 -8.987914034370e-04
 -9.012123699790e-04
 -9.037293923859e-04
 -9.063435219349e-04
 -9.090558542282e-04
 -9.118675301631e-04
 -9.147797369644e-04
 -9.177937092858e-04
 -9.209107303219e-04
 -9.241321330116e-04
 -9.274593012688e-04
